class	path
org.spacious_team.table_wrapper.csv.CsvReportPage	/Users/nima/Developer/annotator-run/src/main/java/org/spacious_team/table_wrapper/csv/CsvReportPage.java
org.spacious_team.table_wrapper.csv.CsvTableHelper	/Users/nima/Developer/annotator-run/src/main/java/org/spacious_team/table_wrapper/csv/CsvTableHelper.java
org.spacious_team.table_wrapper.csv.CsvTableRow	/Users/nima/Developer/annotator-run/src/main/java/org/spacious_team/table_wrapper/csv/CsvTableRow.java
org.spacious_team.table_wrapper.csv.CsvTableRow$1	/Users/nima/Developer/annotator-run/src/main/java/org/spacious_team/table_wrapper/csv/CsvTableRow.java
org.spacious_team.table_wrapper.csv.CsvTableCell	/Users/nima/Developer/annotator-run/src/main/java/org/spacious_team/table_wrapper/csv/CsvTableCell.java
org.spacious_team.table_wrapper.csv.CsvTableCell$RowAndIndex	/Users/nima/Developer/annotator-run/src/main/java/org/spacious_team/table_wrapper/csv/CsvTableCell.java
org.spacious_team.table_wrapper.csv.CsvCellDataAccessObject	/Users/nima/Developer/annotator-run/src/main/java/org/spacious_team/table_wrapper/csv/CsvCellDataAccessObject.java
org.spacious_team.table_wrapper.csv.DateTimeFormatParser	/Users/nima/Developer/annotator-run/src/main/java/org/spacious_team/table_wrapper/csv/DateTimeFormatParser.java
org.spacious_team.table_wrapper.csv.CsvTable	/Users/nima/Developer/annotator-run/src/main/java/org/spacious_team/table_wrapper/csv/CsvTable.java
org.spacious_team.table_wrapper.csv.CsvTableFactory	/Users/nima/Developer/annotator-run/src/main/java/org/spacious_team/table_wrapper/csv/CsvTableFactory.java
